Number_of_keypoints_on_the_preceding_vehicle,_by_image_and_by_detector
Filename SHITOMASI HARRIS FAST BRISK ORB AKAZE SIFT 
0000000000.png 125 125 419 254 91 162 137 
0000000001.png 118 118 427 274 102 157 131 
0000000002.png 123 123 404 276 106 159 121 
0000000003.png 120 120 423 275 113 154 135 
0000000004.png 120 120 386 293 109 162 134 
0000000005.png 113 113 414 275 124 163 139 
0000000006.png 114 114 418 289 129 173 136 
0000000007.png 123 123 406 268 127 175 147 
0000000008.png 111 111 396 259 124 175 156 
0000000009.png 112 112 401 250 125 175 135 
Average_of_the_neighborhood_size,_by_image_and_by_detector
Filename SHITOMASI HARRIS FAST BRISK ORB AKAZE SIFT 
0000000000.png 4 4 7 21.4408 57.1108 7.77008 5.04017 
0000000001.png 4 4 7 21.9462 57.2273 7.4902 5.09021 
0000000002.png 4 4 7 21.8423 56.4948 7.41412 4.96249 
0000000003.png 4 4 7 20.4134 55.1436 7.47661 4.74159 
0000000004.png 4 4 7 22.7797 56.7442 7.74569 4.71959 
0000000005.png 4 4 7 23.0131 56.5751 7.70018 4.65131 
0000000006.png 4 4 7 21.8076 56.6104 7.74403 5.42744 
0000000007.png 4 4 7 22.2788 55.2734 7.82613 4.63463 
0000000008.png 4 4 7 22.7478 54.509 7.79351 5.57716 
0000000009.png 4 4 7 22.2167 54.4083 7.84846 5.67081 
Sample_std_dev_of_the_neighborhood_size,_by_image_and_by_detector
Filename SHITOMASI HARRIS FAST BRISK ORB AKAZE SIFT 
0000000000.png 0 0 0 14.4657 25.9928 3.96886 5.98071 
0000000001.png 0 0 0 14.6828 26.2169 3.53584 6.22029 
0000000002.png 0 0 0 13.9321 26.0482 3.51247 6.11312 
0000000003.png 0 0 0 12.6712 25.2073 3.40365 5.29641 
0000000004.png 0 0 0 14.9584 25.1285 3.45537 5.53115 
0000000005.png 0 0 0 15.9226 24.6175 3.39564 5.60338 
0000000006.png 0 0 0 14.6974 25.5583 3.43852 6.55812 
0000000007.png 0 0 0 15.1351 24.9527 3.51982 5.17624 
0000000008.png 0 0 0 15.315 25.5868 3.5128 6.74261 
0000000009.png 0 0 0 14.7435 24.0489 3.62905 6.74486 
Total_number_of_matched_keypoints_(summed_across_all_images),_by_detector_type_and_by_descriptor_type
Descriptor=> BRISK BRIEF ORB FREAK AKAZE SIFT 
SHITOMASI 694 819 770 574 0 928 
HARRIS 693 818 765 577 0 927 
FAST 1845 2208 2096 1601 0 2787 
BRISK 1280 1341 955 1094 0 1626 
ORB 650 453 536 346 0 760 
AKAZE 0 0 0 0 1162 0 
SIFT 531 593 0 505 0 792 
Total_time_(summed_across_all_images)_in_ms_for_keypoints_detection_plus_descriptors_extraction,_by_detector_type_and_descriptor_type
Descriptor=> BRISK BRIEF ORB FREAK AKAZE SIFT 
SHITOMASI 3622 186 184 559 0 286 
HARRIS 3556 131 129 519 0 274 
FAST 3474 40 42 459 0 342 
BRISK 7280 3825 3841 4257 0 4263 
ORB 3475 90 130 496 0 590 
AKAZE 0 0 0 0 1473 0 
SIFT 4594 1324 0 1756 0 2238 
